-5.0704789    -7.287312
-2.9607918    -6.9990368
2.7121143     0.180617
4.9628944     0.57880998
-0.79710281   -6.675746
1.4592539     -6.3288889
-1.5792946    -8.7114143
0.68123782    -8.3104696
3.4655483     -5.958395
5.7106166     -5.6106009
2.708117      -8.0580254
4.9553113     -7.6787701
-5.0824332    -3.235882
-2.8410845    -2.8738379
-5.8479395    -5.2507782
-3.5962763    -4.9137921
-0.85072309   -2.546633
1.4546897     -2.207566
-1.5957572    -4.5881028
0.6645931     -4.2155242
3.4167359     -1.833245
5.6595216     -1.49388
2.6582236     -3.935853
4.9000001     -3.5393341
-5.0803046    0.871566
-2.8516858    1.304757
-5.8603926    -1.201239
-3.6049912    -0.80315
-0.87220359   1.573966
1.4057015     1.9367
-1.6291088    -0.45182899
0.62309581    -0.088762
-7.9968266    -22.856577
-4.5520601    -22.437605
4.354651      -11.598996
7.6049747     -10.956945
-1.1401243    -21.935509
2.4086945     -21.318125
-2.3721526    -24.999201
1.1519399     -24.506605
5.77879       -20.787691
9.1956568     -20.222572
4.5604758     -23.971016
8.1412535     -23.322384
-7.856997     -16.55401
-4.4215517    -16.176632
-9.1637096    -19.736372
-5.6806865    -19.320236
-1.1443137    -15.656734
2.2717576     -15.188733
-2.3783834    -18.797075
1.1092063     -18.323431
5.5492816     -14.598064
8.9375477     -14.048302
4.3666        -17.73037
7.8623509     -17.186821
-7.7044425    -10.470731
-4.3473101    -10.06249
-8.9924641    -13.484814
-5.560183     -13.040989
-1.0891469    -9.5735149
2.148736      -9.0260181
-2.3586042    -12.562096
1.0275339     -12.115005
